1004
1019
1045
1050
1062
1072
1075
1076
1078
1084
1094
1096
1097
1104
1117
1121
1161
1166
1173
1177
1186
1209
1210
1224
1225
1228
1230
1234
1254
1257
1259
1262
1263
1266
1274
1300
1327
1331
1356
1380
1382
1388
1393
1397
1408
1410
1414
1429
1439
1440
1447
1448
1449
1468
1491
1496
1526
1533
1545
1554
1559
1562
1585
1598
1602
1613
1618
1632
1633
1634
1635
1650
1659
1661
1678
1681
1682
1686
1689
1690
1704
1706
1712
1718
1722
1728
1742
1743
1745
1773
1783
1790
1794
1820
1823
1828
1837
1860
1864
1878
1891
1906
1913
1919
1920
1926
1932
1949
1951
1968
1974
1976
1979
1982
1988
2002
2005
2025
2044
2049
2052
2055
2061
2073
2080
2085
2086
2101
2109
2111
2113
2124
2136
2137
2150
2154
2184
2220
2222
2230
2237
2240
2259
2269
2270
2271
2277
2282
2285
2290
2295
2312
2316
2337
2338
2342
2352
2369
2390
2393
2403
2406
2408
2411
2435
2436
2444
2448
2484
2485
2490
2497
2504
2519
2526
2536
2538
2547
2556
2558
2573
2574
2577
2578
2581
2593
2595
2596
2615
2620
2626
2628
2663
2675
2696
2697
2698
2703
2710
2721
2735
2751
2771
2777
2783
2787
2802
2807
2811
2812
2817
2818
2820
2829
2849
2852
2856
2859
2862
2865
2884
2897
2911
2940
2942
2953
2960
2986
2990
2991
2999
3007
3024
3026
3028
3031
3036
3039
3062
3071
3082
3093
3105
3107
3121
3129
3134
3138
3144
3153
3157
3158
3169
3170
3184
3198
3203
3218
3221
3226
3230
3231
3238
3246
3270
3275
3278
3288
3310
3336
3342
3358
3362
3369
3382
3392
3394
3399
3410
3413
3416
3424
3429
3439
3465
3469
3502
3504
3505
3516
3532
3533
3538
3552
3556
3562
3570
3580
3581
3591
3592
3607
3612
3619
3622
3639
3643
3647
3650
3662
3691
3707
3708
3734
3735
3761
3785
3801
3806
3813
3814
3820
3835
3836
3839
3842
3851
3855
3863
3895
3897
3905
3908
3937
3946
3962
3964
3969
3980
4001
4016
4019
4029
4036
4040
4045
4052
4058
4060
4066
4072
4087
4090
4091
4093
4094
4108
4115
4124
4127
4128
4130
4145
4149
4156
4186
4193
4194
4199
4201
4213
4225
4241
4245
4273
4274
4275
4292
4311
4321
4322
4331
4340
4341
4351
4367
4383
4384
4390
4409
4412
4415
4418
4423
4430
4439
4448
4450
4460
4462
4467
4476
4485
4494
4497
4498
4510
4517
4542
4560
4579
4598
4599
4600
4605
4606
4607
4608
4611
4622
4632
4640
4645
4666
4669
4674
4678
4685
4690
4699
4707
4737
4740
4759
4763
4771
4798
4799
4807
4809
4818
4826
4839
4840
4842
4843
4844
4860
4864
4881
4885
4900
4903
4911
4918
4925
4926
4936
4941
4973
4988
4990
5018
5019
5046
5047
5050
5071
5072
5073
5087
5109
5116
5125
5135
5149
5165
5179
5180
5205
5210
5218
5234
5237
5241
5242
5250
5252
5254
5256
5284
5288
5296
5313
5327
5336
5338
5342
5379
5385
5387
5395
5404
5408
5439
5442
5475
5479
5492
5496
5518
5520
5523
5525
5526
5530
5539
5543
5559
5560
5567
5568
5572
5581
5583
5597
5600
5606
5608
5621
5639
5643
5650
5667
5671
5680
5681
5690
5691
5697
5709
5723
5735
5742
5750
5763
5764
5770
5783
5786
5788
5791
5792
5808
5811
5831
5835
5849
5860
5862
5870
5878
5888
5902
5903
5914
5918
5932
5959
5968
5978
5987
6003
6008
6013
6021
6025
6033
6034
6040
6066
6078
6081
6089
6097
6100
6104
6109
6115
6116
6125
6130
6135
6136
6158
6178
6185
6194
6196
6213
6216
6223
6233
6239
6253
6266
6268
6304
6307
6308
6310
6311
6326
6331
6333
6334
6335
6338
6349
6357
6375
6379
6385
6386
6396
6397
6410
6416
6424
6433
6435
6461
6494
6497
6500
6502
6506
6509
6512
6527
6528
6529
6532
6543
6547
6565
6573
6574
6617
6639
6649
6653
6661
6669
6672
6677
6682
6683
6694
6730
6733
6737
6742
6768
6771
6774
6781
6788
6791
6821
6823
6829
6831
6836
6845
6848
6865
6867
6873
6900
6930
6932
6936
6946
6972
6994
6995
7017
7022
7034
7063
7065
7085
7092
7095
7107
7114
7116
7117
7124
7138
7146
7152
7154
7161
7163
7171
7179
7183
7185
7203
7205
7228
7232
7241
7251
7257
7260
7275
7277
7279
7281
7291
7295
7300
7302
7309
7315
7316
7331
7343
7344
7346
7350
7365
7366
7368
7389
7401
7402
7420
7422
7435
7437
7449
7450
7471
7481
7486
7506
7509
7512
7525
7526
7533
7549
7566
7575
7576
7585
7589
7590
7620
7632
7636
7637
7648
7658
7660
7662
7682
7685
7691
7694
7696
7733
7741
7750
7759
7761
7762
7767
7769
7770
7781
7798
7799
7824
7841
7849
7851
7863
7866
7875
7881
7882
7883
7906
7908
7911
7912
7914
7920
7921
7922
7923
7938
7951
7959
7965
7970
7974
7977
7978
7982
7985
7991
7993
7994
7995
8001
8020
8030
8054
8060
8068
8073
8079
8087
8092
8099
8101
8102
8105
8113
8123
8133
8148
8151
8169
8171
8176
8192
8199
8210
8213
8214
8215
8219
8229
8240
8247
8253
8264
8266
8272
8290
8304
8326
8333
8334
8336
8348
8350
8356
8357
8358
8363
8381
8386
8387
8402
8423
8431
8440
8446
8450
8455
8457
8463
8471
8475
8479
8486
8493
8512
8515
8530
8539
8542
8543
8544
8546
8549
8551
8577
8579
8582
8599
8605
8606
8611
8613
8633
8644
8661
8666
8692
8694
8699
8717
8734
8762
8789
8806
8807
8808
8809
8810
8815
8818
8823
8824
8826
8832
8838
8850
8858
8864
8867
8870
8873
8892
8898
8901
8902
8947
8958
8972
8987
9016
9023
9034
9048
9061
9063
9083
9125
9135
9145
9154
9155
9171
9173
9203
9215
9216
9225
9248
9256
9258
9273
9284
9289
9299
9302
9317
9323
9324
9325
9330
9346
9355
9359
9372
9393
9411
9445
9465
9466
9472
9481
9490
9501
9521
9538
9551
9555
9590
9599
9611
9613
9619
9647
9664
9667
9691
9698
9699
9715
9728
9748
9761
9771
9774
9777
9778
9783
9786
9799
9815
9818
9828
9831
9835
9846
9848
9849
9850
9860
9882
9890
9902
9904
9906
9916
9919
9921
9922
9954
9969
10000
10002
10005
10008
10016
10019
10030
10035
10056
10063
10078
10086
10096
10115
10121
10124
10187
10190
10195
10198
10200
10213
10221
10235
10236
10247
10275
10277
10278
10297
10305
10327
10332
10349
10353
10364
10374
10380
10385
10386
10390
10405
10407
10411
10420
10441
10443
10451
10453
10466
10469
10474
10476
10478
10484
10498
10499
10502
10504
10507
10508
10509
10519
10530
10549
10550
10564
10565
10567
10581
10598
10601
10609
10614
10618
10619
10622
10631
10639
10658
10671
10678
10685
10692
10726
10734
10735
10740
10757
10761
10777
10783
10787
10789
10791
10793
10795
10801
10813
10816
10832
10839
10840
10845
10846
10853
10857
10860
10862
10863
10867
10871
10877
10884
10894
10902
10903
10905
10916
10917
10920
10930
10938
10981
10983
10984
10991
10994
10999
11012
11017
11027
11032
11035
11051
11060
11065
11094
11096
11099
11115
11124
11154
11161
11169
11178
11185
11188
11191
11213
11217
11220
11228
11234
11258
11259
11264
11281
11286
11291
11296
11300
11301
11302
11304
11313
11315
11340
11343
11361
11372
11376
11380
11399
11406
11409
11440
11443
11446
11455
11456
11462
11465
11499
11506
11509
11511
11537
11538
11550
11554
11555
11566
11580
11584
11600
11632
11636
11644
11649
11657
11669
11670
11672
11684
11687
11694
11703
11708
11721
11729
11738
11739
11745
11748
11749
11751
11756
11770
11776
11779
11781
11787
11796
11805
11811
11819
11842
11854
11856
11861
11872
11877
11885
11887
11896
11903
11914
11916
11922
11923
11925
11929
11930
11944
11976
11992
12004
12005
12006
12010
12031
12035
12037
12053
12075
12081
12088
12096
12123
12138
12140
12141
12142
12144
12151
12171
12181
12198
12200
12206
12210
12215
12216
12234
12236
12250
12252
12256
12257
12262
12266
12294
12304
12311
12312
12320
12321
12338
12368
12377
12379
12383
12389
12392
12395
12403
12407
12413
12421
12428
12432
12433
12441
12445
12458
12459
12471
12478
12482
12485
12522
12540
12544
12545
12555
12556
12559
12564
12568
12575
12576
12578
12581
12589
12593
12597
12598
12603
12612
12615
12616
12621
12625
12635
12647
12658
12669
12684
12686
12689
12691
12696
12705
12708
12711
12713
12717
12719
12722
12724
12726
12731
12734
12743
12744
12749
12756
12761
12778
12785
12788
12789
12791
12796
12801
12803
12804
12807
12815
12818
12825
12833
12840
12850
12860
12868
12874
12879
12886
12892
12893
12895
12909
12915
12926
12942
12945
12950
12956
12964
12972
12976
12978
12979
12986
12987
12988
12990
12994
12995
13003
13030
13032
13037
13041
13071
13089
13092
13106
13125
13128
13141
13142
13145
13172
13174
13176
13184
13189
13200
13235
13239
13245
13251
13252
13288
13289
13312
13323
13341
13342
13353
13354
13358
13360
13362
13375
13380
13381
13400
13406
13421
13427
13428
13431
13440
13453
13456
13460
13472
13480
13484
13498
13506
13510
13512
13520
13526
13531
13540
13550
13558
13561
13562
13570
13579
13580
13582
13599
13602
13619
13623
13630
13631
13634
13646
13649
13657
13664
13665
13671
13678
13679
13683
13684
13700
13704
13709
13710
13712
13714
13721
13733
13759
13765
13782
13786
13789
13794
13800
13824
13825
13835
13836
13839
13845
13858
13861
13871
13882
13888
13906
13913
13940
13948
13962
13963
13966
13970
13971
13973
13982
13988
13992
13994
13997
14007
14010
14018
14027
14032
14033
14034
14040
14042
14043
14062
14065
14069
14078
14084
14087
14088
14090
14099
14102
14107
14108
14112
14113
14116
14118
14137
14139
14154
14155
14163
14169
14170
14172
14182
14192
14219
14225
14229
14238
14252
14253
14255
14256
14265
14269
14275
14282
14301
14304
14309
14311
14312
14313
14316
14320
14324
14326
14330
14333
14350
14352
14353
14359
14366
14369
14370
14372
14390
14391
14392
14394
14401
14402
14403
14412
14418
14432
14433
14437
14438
14447
14451
14477
14489
14501
14517
14535
14538
14551
14555
14561
14563
14567
14580
14581
14583
14590
14592
14597
14603
14605
14611
14616
14620
14624
14639
14650
14653
14790
14793
14794
14822
14824
14828
14842
14864
14865
14868
14874
14891
14894
14895
14898
14912
14913
14924
14934
14954
14957
14960
14966
14983
14985
14999
15000
15007
15014
15016
15020
15022
15024
15027
15030
15037
15038
15042
15044
15050
15055
15056
15059
15060
15068
15070
15077
15082
15083
15087
15088
15092
15093
15096
15098
15101
15111
15117
15122
15129
15136
15142
15148
15149
15153
15171
15172
15178
15197
15199
15201
15211
15212
15215
15224
15235
15240
15247
15252
15261
15267
15274
15289
15291
15292
15305
15314
15319
15327
15331
15334
15337
15343
15350
15356
15363
15364
15382
15396
15399
15404
15414
15417
15420
15444
15446
15448
15452
15453
15457
15459
15481
15489
15505
15508
15520
15521
15533
15539
15543
15620
15623
15637
15646
15659
15668
15679
15704
15708
15709
15715
15782
15803
15824
15841
15855
16004
16005
16006
16009
16011
16015
16026
16029
16041
16051
16058
16066
16069
16101
16113
16116
16123
16125
16130
16134
16143
16149
16150
16187
16188
16225
16245
16269
16271
16305
16306
16384
16401
16416
16423
16426
16428
16431
16432
16453
16456
16459
16466
16474
16476
16477
16478
16480
16485
16486
16505
16521
16522
16524
16528
16531
16535
16549
16556
16560
16565
16580
16582
16590
16597
16603
16604
16608
16611
16627
16631
16637
16641
16648
16650
16653
16655
16668
16671
16681
16687
16689
16698
16700
16702
16705
16710
16714
16716
16719
16720
16721
16725
16732
16738
16745
16748
16760
16775
16777
16781
16789
16790
16821
16824
16829
16831
16832
16836
16845
16848
16878
16884
16886
16888
16889
16890
16892
16909
16910
16926
16927
16929
16947
16957
16964
16967
16972
16976
16981
16989
17001
17005
17010
17012
17024
17029
17035
17037
17041
17050
17056
17057
17069
17070
17071
17072
17073
17074
17076
17078
17095
17101
17106
17115
17120
17130
17131
17132
17136
17145
17148
17150
17151
17161
17168
17173
17175
17180
17184
17185
17187
17192
17195
17196
17197
17199
17217
17222
17224
17228
17233
17239
17240
17245
17248
17252
17254
17266
17269
17277
17284
17285
17287
17306
17325
17334
17341
17349
17350
17367
17375
17376
17380
17384
17386
17388
17392
17396
17408
17419
17420
17422
17431
17436
17438
17446
17449
17451
17452
17454
17464
17485
17487
17491
17493
17494
17498
17500
17501
17505
17515
17526
17534
17540
17550
17553
17556
17565
17567
17572
17581
17586
17594
17597
17602
17616
17626
17628
17634
17639
17641
17651
17653
17658
17659
17665
17673
17686
17687
17688
17689
17692
17693
17694
17695
17696
17699
17700
17701
17707
17708
17709
17715
17716
17717
17720
17724
17727
17746
17752
17754
17762
17767
17769
17780
17786
17795
17807
17808
17810
17811
17812
17815
17821
17823
17826
17828
17851
17853
17866
17867
17873
17874
17875
17877
17878
17879
17890
17896
17897
17898
17899
17908
17910
17911
17912
17917
17920
17922
17924
17928
17931
17933
17934
17941
17946
17947
17956
17962
17964
17974
17982
17985
17987
17994
17997
17998
18000
18003
18004
18005
18008
18009
18017
18019
18025
18033
18035
18036
18037
18040
18043
18047
18048
18049
18050
18066
18070
18071
18072
18073
18075
18076
18082
18086
18094
18103
18104
18108
18109
18110
18114
18115
18121
18122
18144
18145
18159
18161
18162
18163
18167
18169
18171
18172
18173
18177
18179
18180
18182
18184
18195
18204
18206
18226
18227
18230
18231
18233
18235
18237
18240
18241
18246
18247
18253
18261
18264
18266
18270
18271
18275
18276
18287
18288
18289
18290
18291
18292
18293
18296
18297
18301
18306
18307
18312
18314
18315
18320
18321
18322
18323
18326
18329
18330
18332
18335
18339
18342
18346
18350
18351
18352
18358
18364
18367
18383
18385
18386
18387
18388
18392
18395
18397
18398
18408
18424
18425
18427
18429
18430
18431
18432
18434
18438
18441
18443
18465
18466
18467
18468
18469
18479
18487
18490
18492
18493
18494
18497
18498
18509
18510
18513
18524
18533
18534
18535
18549
18556
18560
18561
18562
18564
18566
18571
18572
18573
18574
18576
18578
18582
18584
18593
18608
18609
18613
18615
18616
18619
18623
18624
18625
18626
18629
18630
18632
18635
18636
18638
18654
18658
18660
18666
18672
18675
18677
18679
18683
18684
18685
18689
18695
18699
18700
18708
18712
18720
18724
18729
18732
18734
18738
18745
18748
18749
18750
18765
18774
18775
18779
18783
18786
18792
18793
18799
18800
18805
18838
18839
18841
18842
18844
18850
18854
18866
18868
18869
18870
18871
18872
18874
18875
18878
18879
18883
18885
18888
18892
18894
18899
18900
18908
18925
18926
18929
18930
18936
18937
18938
18946
18947
18948
18949
18952
18953
18965
18973
18974
18975
18976
18978
18982
18983
19000
19021
19023
19025
19026
19033
19040
19041
19042
19044
19057
19067
19071
19074
19079
19084
19092
19093
19094
19098
19104
19107
19113
19116
19117
19124
19129
19130
19131
19134
19135
19137
19138
19142
19143
19149
19150
19151
19153
19154
19159
19163
19168
19171
19172
19173
19175
19177
19182
19184
19189
19190
19191
19205
19209
19259
19262
19267
19272
19273
19274
19275
19293
19295
19296
19305
19309
19315
19317
19318
19323
19331
19349
19350
19352
19354
19355
19359
19366
19375
19377
19378
19379
19389
19391
19394
19398
19402
19412
19416
19417
19418
19423
19424
19425
19428
19431
19433
19439
19440
19442
19447
19458
19460
19465
19467
19468
19470
19471
19484
19501
19502
19507
19510
19511
19516
19517
19518
19525
19526
19528
19529
19534
19538
19541
19545
19549
19565
19570
19574
19578
19580
19581
19582
19600
19602
19605
19622
19635
19640
19645
19647
19649
19659
19692
19696
19712
19713
19717
19718
19719
19720
19722
19730
19731
19744
19747
19752
19753
19757
19758
19761
19762
19767
19769
19770
19771
19772
19773
19784
19788
19790
19791
19800
19801
19802
19815
19817
19821
19824
19825
19830
19832
19835
19838
19843
19845
19848
19849
19851
19855
19856
19858
19859
19860
19871
19873
19876
19877
19881
19896
19898
19901
19906
19908
19909
19910
19911
19912
19919
19922
19925
19927
19931
19932
19935
19940
19943
19948
19951
19965
19966
19967
19970
19974
19976
19977
19985
19987
19988
19989
19991
19993
19997
19998
19999
20003
20004
20007
20009
20010
20011
20018
20019
20020
20029
20033
20036
20037
20040
20041
20042
20043
20044
20048
20059
20067
20073
20074
20080
20088
20089
20090
20096
20105
20109
20113
20115
20116
20117
20119
20120
20126
20128
20129
20130
20131
20133
20135
20136
20142
20143
20147
20149
20168
20170
20179
20180
20182
20183
20185
20196
20204
20214
20217
20219
20225
20228
20229
20230
20231
20232
20233
20235
20245
20253
20255
20259
20261
20269
20270
20277
20279
20280
20281
20285
20288
20297
20298
20299
20300
20304
20307
20311
20312
20313
20315
20317
20323
20327
20329
20330
20331
20332
20333
20337
20338
20339
20340
20344
20350
20352
20379
20381
20392
20399
20407
20408
20412
20413
20414
20416
20420
20422
20423
20430
20440
20441
20456
20458
20470
20473
20475
20481
20482
20483
20487
20488
20493
20496
20497
20500
20502
20513
20515
20517
20521
20523
20525
20526
20529
20530
20534
20537
20539
20540
20547
20548
20550
20554
20561
20565
20567
20570
20584
20587
20590
20597
20600
20601
20611
20612
20613
20618
20619
20621
20623
20628
20629
20643
20644
20645
20646
20649
20650
20653
20654
20655
20658
20659
20660
20661
20670
20672
20675
20676
20677
20683
20684
20686
20689
20692
20693
20695
20696
20699
20701
20710
20720
20721
20727
20730
20735
20739
20740
20742
20747
20748
20756
20760
20761
20775
20779
20788
20791
20798
20801
20802
20803
20810
20823
20840
20847
20859
20860
20864
20874
20876
20879
20881
20884
20890
20898
20904
20910
20913
20918
20930
20934
20935
20936
20942
20943
20944
20945
20949
20950
20951
20956
20959
20960
20961
20967
20968
20998
21000
21002
21003
21004
21005
21006
21007
21008
21010
21011
21012
21015
21016
21017
21019
21020
21022
21024
21032
21033
21035
21040
21042
21046
21047
21048
21049
21051
21055
21073
21076
21079
21082
21094
21095
21103
21104
21111
21116
21118
21124
21126
21132
21136
21138
21145
21146
21150
21155
21165
21178
21188
21189
21191
21194
21208
21209
21216
21222
21223
21226
21227
21232
21237
21238
21241
21261
21263
21273
21280
21282
21283
21295
21306
21323
21326
21339
21352
21361
21362
21421
21422
21423
21429
21431
21433
21436
21440
21451
21452
21487
21496
21499
21503
21506
21509
21514
21515
21520
21521
21522
21524
21525
21529
21540
21542
21547
21554
21560
21563
21576
21577
21593
21601
21604
21616
21617
21619
21621
21625
21626
21627
21628
21629
21630
21633
21635
21641
21652
21663
21666
21669
21674
21677
21687
21696
21732
21739
21743
21744
21752
21755
21761
21771
21776
21777
21792
21798
21799
21801
21802
21807
21808
21814
21815
21816
21818
21822
21824
21825
21826
21828
21832
21833
21834
21838
21841
21842
21845
21847
21848
21859
21860
21864
21865
21867
21873
21874
21875
21879
21894
21895
21896
21897
21898
21899
21901
21904
21908
21916
21918
21922
21928
21941
21945
21946
21951
21965
21967
21975
21983
21984
21990
21998
21999
22000
22010
22025
22035
22037
22039
22040
22047
22049
22053
22064
22072
22082
22085
22086
22101
22111
22114
22116
22119
22120
22124
22129
22130
22134
22135
22136
22138
22142
22144
22155
22159
22164
22165
22168
22178
22180
22182
22198
22199
22201
22203
22205
22207
22209
22215
22216
22229
22230
22258
22260
22266
22267
22268
22284
22306
22318
22320
22325
22330
22338
22342
22343
22350
22352
22358
22362
22367
22371
22373
22387
22397
22402
22405
22410
22439
22447
22449
22459
22460
22461
22484
22495
22496
22500
22515
22542
22543
22560
22570
22583
22590
22592
22603
22604
22612
22629
22632
22633
22635
22637
22638
22650
22653
22658
22662
22664
22667
22671
22672
22673
22674
22675
22676
22697
22698
22703
22704
22706
22708
22709
22713
22715
22717
22727
22728
22729
22731
22733
22734
22741
22760
22761
22762
22772
22783
22787
22789
22797
22803
22815
22817
22853
22861
22862
22864
22865
22867
22868
22879
22882
22927
22949
22962
22964
22970
22975
22983
22985
22997
23001
23002
23027
23028
23035
23043
23060
23061
23062
23063
23071
23072
23077
23082
23083
23084
23086
23092
23093
23098
23106
23107
23108
23109
23111
23119
23125
23145
23147
23150
23167
23170
23193
23195
23208
23220
23223
23224
23225
23226
23237
23238
23241
23243
23245
23247
23249
23252
23255
23256
23287
23291
23294
23296
23297
23334
23335
23337
23339
23340
23353
23354
23357
23358
23362
23363
23368
23370
23391
23403
23404
23407
23422
23423
23424
23432
23433
23434
23449
23450
23464
23465
23473
23485
23490
23494
23495
23500
23521
23534
23535
23537
23539
23540
23546
23547
23549
23552
23554
23555
23556
23557
23561
23563
23569
23570
23571
23574
23577
23587
23591
23594
23616
23623
23627
23630
23635
23645
23647
23650
23653
23667
23671
23697
23698
23699
23703
23704
23705
23709
23714
23730
23731
23745
23750
23752
23753
23754
23767
23768
23790
23793
23804
23809
23810
23812
23813
23818
23821
23825
23827
23843
23844
23852
23853
23856
23864
23865
23877
23883
23889
23898
23933
23935
23939
23940
23943
23949
23977
23978
23980
23983
23984
23985
23986
23988
23990
23993
23994
23996
23999
24003
24005
24010
24021
24032
24035
24040
24070
24071
24073
24074
24076
24083
24084
24096
24097
24098
24099
24113
24116
24131
24135
24142
24155
24157
24171
24175
24176
24177
24197
24199
24200
24204
24216
24218
24225
24232
24233
24234
24249
24277
24278
24283
24287
24291
24293
24302
24304
24310
24316
24318
24330
24344
24350
24351
24352
24368
24370
24376
24378
24379
24396
24405
24415
24420
24421
24422
24426
24428
24430
24437
24439
24440
24447
24458
24463
24466
24468
24475
24481
24483
24488
24501
24506
24508
24515
24523
24524
24525
24533
24538
24539
24544
24547
24552
24578
24597
24598
24599
24601
24609
24610
24611
24616
24617
24620
24625
24627
24638
24649
24658
24660
24670
24672
24674
24678
24708
24710
24717
24720
24724
24725
24726
24730
24731
24732
24750
24755
24782
24783
24795
24797
24800
24801
24803
24810
24819
24825
24837
24842
24844
24853
24856
24861
24862
24868
24878
24887
24888
24890
24891
24893
24896
24901
24905
24911
24912
24922
24925
24932
24937
24943
24944
24965
24966
24975
24978
24980
24990
24996
24998
25013
25021
25027
25030
25031
25047
25055
25056
25069
25077
25079
25088
25089
25092
25095
25105
25106
25107
25108
25110
25119
25124
25128
25129
25130
25138
25140
25145
25148
25151
25157
25160
25166
25167
25170
25173
25180
25181
25186
25198
25201
25219
25220
25234
25241
25274
25279
25283
25289
25293
25296
25297
25302
25304
25312
25313
25314
25318
25320
25327
25330
25331
25332
25333
25338
25339
25340
25348
25349
25356
25357
25360
25361
25365
25367
25376
25377
25380
25381
25389
25395
25396
25399
25405
25406
25424
25430
25434
25447
25450
25454
25459
25462
25466
25472
25476
25478
25481
25495
25501
25502
25507
25509
25510
25527
25529
25536
25538
25539
25540
25553
25570
25572
25578
25581
25588
25589
25600
25603
25612
25623
25627
25632
25633
25639
25645
25648
25665
25676
25680
25683
25709
25711
25713
25726
25731
25737
25740
25745
25747
25749
25750
25751
25753
25756
25770
25773
25774
25776
25792
25805
25845
25848
25849
25850
25852
25870
25874
25877
25880
25882
25893
25895
25896
25898
25904
25906
25915
25918
25922
25923
25924
25930
25935
25937
25946
25950
25960
25964
25969
25971
25978
25979
25980
25999
26011
26012
26013
26016
26021
26028
26037
26038
26043
26045
26061
26067
26069
26071
26075
26080
26081
26083
26094
26095
26097
26112
26123
26125
26126
26127
26130
26131
26132
26142
26144
26145
26146
26147
26148
26149
26156
26157
26162
26164
26167
26174
26179
26187
26189
26193
26196
26197
26198
26203
26204
26208
26218
26233
26236
26246
26251
26253
26269
26270
26272
26273
26290
26297
26301
26304
26305
26306
26321
26332
26333
26335
26336
26337
26340
26341
26343
26347
26349
26350
26351
26353
26355
26356
26359
26361
26364
26365
26366
26367
26368
26375
26376
26377
26379
26380
26381
26382
26385
26410
26411
26412
26413
26415
26432
26434
26475
26478
26488
26494
26495
26505
26508
26509
26514
26519
26520
26522
26527
26528
26537
26538
26539
26543
26545
26566
26567
26573
26579
26590
26596
26628
26630
26636
26658
26659
26666
26669
26674
26675
26676
26677
26709
26718
26721
26722
26725
26726
26746
26748
26749
26753
26754
26755
26761
26767
26768
26788
26789
26790
26792
26796
26798
26804
26809
26812
26817
26818
26826
26828
26839
26847
26863
26864
26873
26874
26877
26879
26881
26882
26891
26892
26895
26900
26906
26908
26914
26920
26922
26938
26939
26997
27004
27013
27014
27015
27026
27032
27045
27046
27054
27086
27102
27111
27112
27119
27123
27131
27139
27141
27142
27148
27154
27155
27172
27186
27187
27198
27199
27201
27211
27215
27218
27235
27240
27245
27246
27247
27251
27252
27258
27265
27274
27299
27301
27318
27333
27335
27338
27339
27345
27354
27355
27361
27364
27372
27373
27374
27385
27386
27387
27392
27393
27394
27463
27476
27479
27490
27504
27519
27545
27555
27574
27575
27576
27578
27582
27584
27591
27594
27604
27634
27635
27636
27637
27638
27644
27645
27649
27651
27652
27653
27654
27665
27668
27669
27670
27671
27672
27677
27678
27680
27682
27683
27689
27699
27703
27706
27711
27712
27714
27716
27721
27734
27735
27737
27738
27753
27760
27765
27776
27780
27784
27786
27790
27794
27800
27801
27802
27803
27809
27810
27813
27823
27828
27841
27845
27856
27868
27871
27872
27874
27875
27885
27886
27905
27906
27907
27909
27911
27913
27914
27917
27920
27922
27925
27928
27932
27934
27936
27937
27938
27939
27945
27946
27960
27965
27971
27977
27980
27981
27983
27988
27991
28004
28012
28018
28022
28027
28030
28034
28035
28056
28059
28069
28070
28071
28075
28080
28084
28086
28087
28088
28091
28093
28106
28107
28110
28113
28118
28119
28135
28139
28152
28155
28169
28176
28180
28181
28191
28192
28194
28195
28209
28216
28236
28262
28266
28267
28272
28278
28285
28286
28295
28296
28298
28303
28309
28320
28322
28323
28338
28340
28344
28347
28349
28355
28365
28367
28368
28370
28374
28378
28379
28380
28383
28384
28385
28386
28394
28397
28399
28401
28408
28410
28415
28420
28421
28423
28424
28456
28460
28462
28470
28475
28477
28480
28482
28484
28485
28490
28499
28515
28518
28520
28525
28535
28551
28554
28555
28556
28563
28564
28588
28590
28608
28620
28629
28641
28646
28648
28653
28656
28661
28670
28675
28704
28712
28717
28719
28724
28733
28742
28749
28759
28762
28769
28775
28785
28787
28788
28790
28791
28795
28796
28806
28819
28833
28836
28844
28852
28853
28862
28866
28877
28883
28900
28903
28916
28919
28924
28930
28938
28940
28967
28989
28998
29001
29003
29004
29011
29013
29015
29016
29018
29028
29032
29039
29040
29052
29057
29058
29061
29064
29071
29082
29086
29089
29097
29099
29101
29108
29111
29126
29127
29129
29131
29133
29135
29138
29143
29150
29151
29155
29156
29164
29165
29170
29173
29175
29191
29194
29206
29207
29211
29217
29218
29237
29241
29246
29251
29261
29265
29268
29272
29274
29275
29281
29282
29286
29290
29293
29300
29304
29319
29323
29332
29336
29353
29359
29375
29378
29382
29383
29386
29389
29392
29418
29433
29435
29437
29442
29446
29448
29449
29453
29466
29471
29472
29476
29478
29499
29508
29511
29513
29517
29524
29525
29531
29537
29552
29555
29558
29565
29569
29576
29577
29584
29598
29602
29607
29608
29609
29612
29613
29614
29616
29621
29627
29630
29634
29636
29649
29666
29670
29675
29680
29684
29687
29692
29696
29698
29705
29710
29714
29718
29721
29722
29733
29734
29736
29746
29749
29751
29752
29755
29758
29759
29760
29762
29769
29772
29789
29791
29804
29816
29817
29819
29820
29830
29835
29837
29839
29850
29855
29868
29870
29875
29887
29894
29900
29901
29910
29913
29914
29917
29921
29930
29942
29944
29946
29951
29955
29962
29964
29968
29984
29985
29994
29997
30004
30007
30010
30024
30029
30030
30032
30055
30059
30067
30075
30076
30082
30091
30092
30098
30137
30138
30140
30141
30145
30146
30169
30170
30175
30188
30202
30205
30209
30217
30218
30219
30220
30222
30223
30234
30236
30241
30242
30255
30259
30260
30262
30276
30280
30281
30284
30293
30298
30310
30311
30312
30328
30339
30354
30369
30384
30385
30397
30398
30401
30416
30421
30428
30432
30435
30436
30443
30449
30452
30461
30463
30466
30473
30477
30490
30495
30535
30536
30538
30539
30547
30554
30558
30560
30571
30572
30573
30576
30582
30612
30614
30618
30622
30637
30640
30647
30649
30651
30655
30662
30664
30666
30671
30674
30701
30710
30714
30717
30727
30736
30740
30747
30749
30778
30797
30806
30807
30821
30822
30830
30838
30847
30857
30861
30870
30874
30877
30888
30899
30907
30910
30923
30927
30928
30932
30944
30950
30962
30964
30986
30998
30999
31004
31005
31006
31010
31028
31037
31055
31056
31059
31060
31061
31091
31094
31095
31099
31102
31108
31109
31112
31122
31127
31132
31137
31142
31147
31154
31156
31159
31170
31172
31177
31178
31189
31193
31203
31205
31214
31218
31224
31227
31232
31236
31242
31249
31251
31252
31255
31265
31266
31276
31285
31292
31294
31295
31301
31317
31331
31337
31338
31343
31348
31358
31360
31368
31370
31384
31385
31386
31389
31391
31392
31394
31402
31405
31418
31419
31421
31424
31442
31453
31457
31460
31466
31477
31488
31489
31494
31507
31516
31519
31521
31524
31542
31550
31553
31559
31560
31562
31564
31567
31576
31581
31585
31587
31593
31596
31602
31606
31607
31612
31616
31617
31624
31626
31628
31629
31631
31653
31656
31657
31673
31674
31692
31702
31703
31714
31716
31717
31718
31720
31738
31739
31743
31744
31748
31752
31758
31764
31772
31774
31775
31796
31802
31803
31805
31806
31819
31820
31823
31825
31826
31829
31839
31843
31845
31846
31848
31881
31882
31887
31895
31914
31942
31954
31958
31966
31982
31986
31994
32006
32014
32018
32046
32074
32078
32086
32098
32102
32106
32130
32154
32183
32192
32193
32194
32213
32215
32218
32219
32228
32229
32233
32238
32244
32245
32246
32247
32253
32254
32255
32267
32269
32271
32273
32280
32283
32285
32286
32287
32294
32295
32298
32303
32305
32315
32316
32321
32322
32323
32332
32334
32342
32345
32347
32348
32349
32350
32351
32352
32356
32365
32366
32371
32372
32378
32380
32381
32382
32383
32395
32396
32407
32413
32414
32419
32420
32451
32453
32456
32459
32469
32502
32519
32524
32525
32526
32528
32529
32530
32541
32545
32546
32547
32557
32558
32560
32564
32571
32574
32580
32589
32592
32600
32601
32607
32608
32610
32615
32619
32625
32638
32639
32640
32641
32647
32654
32661
32665
32670
32671
32674
32675
32676
32677
32682
32685
32688
32698
32715
32721
32731
32741
32746
32747
32748
32749
32750
32751
32759
32763
32767
32771
32775
32792
32795
32799
32800
32804
32809
32819
32822
32824
32843
32844
32846
32851
32852
32855
32858
32860
32861
32871
32872
32878
32879
32884
32885
32886
32889
32893
32894
32895
32897
32899
32901
32908
32912
32918
32919
32922
32930
32935
32936
32937
32938
32939
32941
32942
32961
32962
32980
32984
33011
33019
33037
33047
33048
33049
33051
33056
33064
33066
33067
33068
33070
33073
33081
33103
33110
33114
33127
33131
33133
33134
33136
33138
33152
33155
33159
33161
33171
33173
33175
33177
33183
33184
33185
33186
33187
33195
33200
33227
33232
33233
33237
33240
33241
33242
33243
33254
33272
33274
33275
33279
33280
33285
33296
33301
33316
33317
33321
33326
33337
33344
33382
33416
33420
33421
33423
33424
33425
33429
33433
33435
33439
33444
33445
33446
33447
33449
33459
33464
33466
33467
33476
33477
33483
33487
33499
33500
33528
33531
33532
33533
33541
33542
33549
33550
33557
33561
33573
33582
33587
33588
33595
33596
33597
33598
33599
33600
33601
33602
33603
33610
33614
33616
33624
33625
33631
33635
33637
33638
33641
33643
33647
33652
33657
33658
33660
33664
33665
33668
33684
33693
33694
33695
33696
33697
33698
33700
33703
33704
33706
33708
33718
33719
33720
33721
33722
33723
33724
33725
33727
33728
33733
33736
33742
33743
33744
33749
33750
33751
33756
33759
33764
33766
33767
33773
33779
33780
33781
33798
33801
33809
33810
33812
33816
33817
33823
33824
33825
33827
33850
33852
33855
33858
33859
33861
33863
33882
33906
33911
33913
33935
33948
33951
33955
33962
33965
33971
33979
33985
33989
33995
33997
33998
33999
34002
34003
34010
34015
34016
34025
34029
34030
34034
34038
34039
34041
34044
34045
34048
34051
34053
34054
34055
34057
34064
34065
34066
34067
34068
34074
34076
34077
34078
34079
34082
34084
34101
34102
34103
34105
34106
34107
34118
34132
34133
34135
34140
34144
34158
34159
34160
34161
34163
34164
34170
34183
34186
34189
34193
34194
34212
34214
34215
34220
34221
34222
34236
34241
34242
34243
34259
34263
34266
34270
34278
34287
34290
34291
34296
34297
34300
34306
34307
34309
34326
34327
34328
34330
34337
34338
34342
34353
34361
34369
34376
34378
34379
34382
34396
34400
34404
34405
34410
34411
34412
34413
34414
34415
34418
34420
34429
34430
34436
34439
34443
34446
34447
34448
34449
34459
34467
34469
34482
34488
34496
34500
34504
34507
34525
34526
34527
34528
34560
34562
34566
34569
34570
34571
34578
34580
34584
34587
34591
34593
34597
34600
34602
34603
34604
34609
34610
34613
34614
34616
34617
34618
34619
34621
34624
34636
34640
34641
34642
34645
34648
34650
34677
34682
34693
34698
34702
34709
34735
34746
34749
34750
34753
34765
34766
34770
34794
34834
34835
34854
34863
34873
34882
34883
34910
34915
34916
34919
34920
34928
34929
34937
34938
34939
34941
34942
34945
34953
34954
34955
34956
34961
34965
34970
34992
35004
35005
35006
35007
35008
35009
35013
35014
35018
35019
35030
35035
35038
35048
35050
35053
35054
35055
35056
35059
35062
35063
35065
35077
35078
35079
35087
35089
35090
35091
35099
35100
35101
35102
35104
35119
35120
35121
35127
35132
35133
35135
35136
35137
35152
35153
35154
35156
35158
35160
35168
35169
35182
35191
35207
35210
35211
35213
35222
35223
35245
35246
35251
35254
35255
35259
35264
35265
35266
35267
35268
35269
35270
35279
35280
35287
35288
35290
35305
35306
35313
35320
35321
35322
35323
35327
35331
35345
35354
35355
35358
35367
35373
35374
35375
35376
35377
35378
35382
35391
35392
35394
35395
35396
35399
35403
35404
35416
35419
35420
35422
35423
35429
35430
35434
35440
35447
35451
35452
35455
35458
35471
35472
35473
35477
35481
35486
35490
35494
35497
35530
35539
35541
35543
35544
35546
35552
35583
35600
35601
35602
35604
35609
35611
35612
35613
35614
35617
35620
35623
35627
35630
35632
35638
35639
35640
35641
35642
35644
35646
35647
35648
35649
35653
35664
35666
35674
35675
35684
35708
35710
35712
35714
35716
35727
35728
35729
35730
35731
35733
35734
35737
35743
35747
35748
35749
35759
35761
35762
35768
35770
35776
35779
35780
35781
35788
35789
35793
35794
35795
35796
35806
35808
35810
35814
35824
35831
35832
35833
35835
35836
35837
35850
35852
35858
35859
35866
35867
35868
35874
35880
35881
35882
35890
35891
35894
35909
35922
35923
35948
35951
35955
35957
35958
35959
35960
35967
35978
35982
35993
35994
35995
35999
36003
36005
36014
36017
36018
36023
36025
36028
36037
36039
36044
36048
36049
36050
36051
36052
36053
36054
36061
36083
36084
36089
36090
36092
36094
36095
36096
36133
36140
36153
36157
36175
36180
36190
36191
36193
36202
36203
36204
36206
36211
36213
36218
36220
36234
36235
36236
36237
36258
36260
36263
36264
36273
36276
36288
36293
36299
36300
36301
36302
36309
36311
36328
36329
36330
36333
36335
36336
36348
36349
36356
36357
36383
36384
36394
36395
36399
36402
36404
36409
36416
36430
36444
36462
36463
36464
36465
36466
36471
36473
36474
36475
36477
36481
36482
36494
36496
36500
36504
36506
36512
36515
36519
36525
36528
36530
36535
36536
36537
36550
36555
36556
36557
36558
36559
36565
36569
36570
36571
36572
36573
36598
36599
36600
36603
36606
36609
36613
36616
36618
36619
36632
36633
36635
36636
36641
36642
36648
36649
36660
36677
36678
36679
36691
36692
36700
36701
36704
36705
36711
36716
36717
36718
36720
36722
36726
36727
36728
36733
36735
36737
36743
36748
36751
36754
36757
36758
36759
36767
36768
36769
36770
36775
36776
36777
36779
36780
36786
36787
36788
36789
36790
36798
36799
36808
36819
36824
36826
36828
36836
36845
36847
36848
36852
36853
36857
36860
36863
36869
36881
36883
36885
36896
36897
36898
36902
36906
36910
36911
36915
36918
36924
36929
36945
36948
36949
36950
36951
36952
36963
36964
36965
36967
36970
36973
36975
36977
36979
36985
36987
36989
36995
37013
37018
37019
37023
37025
37032
37035
37036
37043
37054
37061
37062
37063
37066
37073
37076
37079
37080
37081
37082
37083
37084
37085
37090
37101
37102
37105
37106
37110
37112
37113
37114
37130
37134
37135
37136
37138
37146
37148
37150
37153
37157
37159
37164
37168
37171
37173
37180
37182
37186
37187
37188
37191
37197
37198
37200
37212
37213
37214
37224
37230
37231
37233
37234
37236
37240
37248
37254
37258
37268
37275
37282
37284
37290
37292
37293
37297
37304
37305
37309
37310
37318
37325
37327
37332
37338
37350
37351
37352
37354
37355
37356
37357
37362
37364
37366
37373
37378
37382
37385
37386
37388
37392
37393
37394
37396
37404
37407
37412
37413
37414
37416
37420
37425
37426
37428
37429
37445
37449
37453
37459
37460
37461
37473
37476
37480
37482
37486
37488
37489
37490
37495
37502
37510
37512
37513
37516
37517
37519
37520
37525
37526
37527
37528
37530
37534
37537
37541
37546
37547
37549
37550
37552
37556
37559
37560
37562
37574
37576
37582
37587
37588
37592
37593
37594
37596
37601
37605
37607
37608
37610
37612
37617
37619
37623
37630
37633
37640
37646
37651
37658
37662
37664
37669
37671
37672
37673
37674
37675
37676
37677
37678
37680
37684
37685
37687
37694
37707
37711
37713
37723
37725
37740
37744
37748
37749
37750
37751
37752
37756
37763
37773
37775
37776
37777
37778
37779
37781
37782
37783
37784
37785
37786
37787
37790
37793
37794
37797
37798
37799
37800
37801
37802
37803
37807
37808
37810
37811
37812
37813
37814
37817
37819
37820
37824
37825
37826
37827
37838
37839
37840
37844
37846
37848
37851
37855
37856
37857
37861
37862
37863
37871
37872
37895
37896
37898
37907
37908
37909
37922
37924
37925
37928
37937
37938
37946
37949
37951
37953
37955
37961
37966
37971
37980
37988
37997
37998
38001
38014
38015
38016
38019
38022
38027
38028
38029
38030
38038
38041
38050
38053
38054
38059
38060
38065
38073
38075
38076
38077
38079
38081
38082
38087
38089
38092
38094
38095
38100
38107
38109
38110
38119
38121
38125
38126
38132
38135
38139
38150
38160
38174
38180
38181
38187
38188
38198
38200
38203
38207
38209
38212
38237
38238
38239
38240
38242
38247
38248
38249
38258
38259
38265
38271
38275
38277
38282
38284
38285
38288
38291
38308
38328
38329
38331
38333
38336
38339
38342
38343
38350
38356
38357
38360
38368
38370
38374
38386
38389
38392
38393
38396
38397
38398
38400
38403
38407
38412
38416
38418
38419
38422
38424
38426
38429
38441
38445
38447
38453
38457
38461
38462
38463
38465
38467
38469
38474
38477
38480
38488
38491
38493
38496
38498
38503
38507
38511
38513
38514
38516
38526
38527
38529
38531
38537
38538
38539
38545
38551
38558
38560
38576
38578
38583
38585
38590
38592
38594
38595
38596
38598
38612
38614
38616
38617
38618
38621
38624
38625
38632
38634
38635
38643
38645
38646
38647
38648
38649
38661
38662
38664
38673
38674
38676
38681
38687
38688
38697
38698
38704
38705
38706
38707
38708
38710
38711
38717
38718
38720
38722
38723
38735
38736
38738
38739
38744
38745
38747
38748
38750
38753
38754
38755
38757
38762
38763
38764
38768
38770
38771
38773
38777
38779
38780
38782
38783
38785
38790
38791
38800
38804
38805
38806
38812
38821
38822
38824
38827
38829
38832
38834
38835
38840
38844
38845
38848
38849
38853
38856
38857
38861
38862
38867
38868
38870
38874
38876
38883
38885
38900
38906
38908
38909
38910
38915
38916
38917
38920
38923
38924
38925
38927
38928
38929
38930
38931
38932
38935
38936
38937
38945
38946
38949
38952
38953
38954
38957
38960
38961
38967
38968
38969
38971
38972
38978
38979
38981
38986
38987
38993
38995
38998
39009
39012
39018
39025
39028
39029
39031
39038
39039
39041
39048
39049
39051
39053
39054
39056
39057
39059
39060
39061
39063
39065
39067
39068
39069
39070
39077
39078
39088
39089
39092
39097
39098
39102
39103
39104
39107
39108
39111
39112
39114
39122
39124
39127
39128
39136
39142
39156
39157
39158
39159
39160
39169
39170
39171
39173
39174
39175
39181
39182
39184
39185
39189
39190
39195
39197
39198
39199
39201
39202
39203
39204
39207
39210
39215
39216
39225
39231
39239
39240
39241
39246
39248
39250
39251
39255
39261
39263
39265
39266
39269
39271
39273
39276
39277
39278
39280
39286
39290
39291
39293
39294
39295
39301
39306
39307
39309
39310
39311
39312
39316
39317
39318
39319
39321
39322
39323
39325
39328
39330
39332
39333
39337
39338
39342
39344
39345
39351
39352
39354
39357
39358
39359
39363
39365
39371
39376
39377
39378
39380
39381
39386
39391
39394
39399
39402
39405
39406
39411
39412
39417
39418
39424
39426
39427
39434
39435
39436
39442
39448
39453
39457
39461
39464
39472
39475
39476
39477
39481
39482
39483
39487
39488
39489
39490
39500
39501
39502
39503
39505
39507
39508
39509
39510
39524
39525
39526
39527
39528
39530
39533
39534
39535
39537
39538
39539
39540
39541
39542
39544
39546
39547
39548
39550
39552
39553
39554
39555
39556
39557
39559
39562
39563
39564
39566
39570
39571
39573
39575
39577
39578
39589
39592
39595
39596
39598
39618
39620
39621
39622
39624
39626
39627
39632
39633
39636
39637
39641
39642
39648
39651
39656
39663
39665
39676
39677
39680
39683
39684
39685
39687
39693
39703
39712
39724
39726
39728
39733
39734
39738
39740
39746
39749
39750
39751
39752
39753
39755
39756
39774
39782
39783
39784
39785
39786
39787
39789
39791
39800
39801
39804
39805
39806
39810
39811
39813
39815
39818
39819
39820
39821
39822
39823
39830
39831
39834
39835
39838
39839
39850
39851
39860
39861
39863
39867
39868
39869
39872
39874
39875
39877
39879
39881
39882
39886
39887
39895
39899
39901
39902
39907
39908
39909
39910
39912
39913
39914
39916
39926
39929
39931
39935
39937
39938
39941
39942
39945
39951
39953
39954
39959
39960
39961
39962
39963
39964
39981
39989
39991
39992
39993
39994
39997
39998
40015
40016
40024
40068
40084
40092
40108
40116
40132
40224
40236
40237
40242
40248
40249
40261
40276
40285
40290
40291
40292
40305
40306
40307
40321
40323
40331
40336
40340
40353
40383
40398
40399
40413
40414
40417
40428
40430
40460
40470
40475
40486
40492
40494
40499
40501
40512
40528
40530
40532
40534
40535
40536
40540
40544
40552
40557
40558
40560
40575
40590
40605
40610
40614
40636
40645
40650
40651
40658
40660
40672
40679
40681
40692
40693
40702
40703
40709
40723
40741
40748
40758
40781
40783
40784
40829
40833
40849
40855
40856
41048
41050
41051
41053
41059
41076
41082
41083
41105
41111
41118
41123
41127
41132
41153
41176
41204
41214
41220
41225
41227
41234
41241
41270
41293
41300
41309
41324
41328
41349
41350
41366
41374
41411
41416
41420
41422
41424
41426
41448
41459
41468
41474
41498
41502
41505
41507
41511
41522
41538
41539
41545
41548
41569
41570
41615
41616
41621
41622
41623
41627
41636
41640
41641
41659
41661
41662
41684
41685
41686
41687
41688
41716
41733
41755
41768
41782
41797
41799
41817
41818
41824
41835
41878
41881
41884
41885
41892
41896
41897
41898
41900
41901
41916
41918
41936
41937
41948
41953
41956
41957
41958
41979
41981
41982
41989
41995
41996
41998
42007
42012
42013
42022
42023
42027
42031
42033
42046
42063
42070
42214
42217
42220
42241
42243
42244
42262
42281
42284
42305
42332
42847
42848
42855
42856
42879
42880
42890
42891
42892
42893
42895
42910
42911
42912
42913
42945
42950
42968
42969
42971
42984
42987
42988
43008
43009
43010
43023
43026
43038
43057
43059
43081
43082
43083
43085
43088
43091
43099
43100
43104
43106
43107
43113
43120
43128
43134
43137
43139
43140
43152
43159
43186
43188
43190
43191
43195
43197
43198
43210
43211
43220
43222
43236
43275
43278
43279
43284
43285
43286
43287
43288
43289
43316
43360
43363
43382
43385
43386
43404
43415
43421
43425
43435
43438
43439
43442
43457
43464
43507
43515
43521
43524
43533
43534
43541
43546
43551
43555
43560
43574
43582
43585
43588
43589
43638
43639
43640
43643
43645
43651
43666
43667
43674
43715
43716
43737
43753
43754
43756
43757
43758
43759
43760
43784
43788
43790
43792
43837
43841
43843
43849
43855
43856
43857
43858
43859
43861
43862
43884
43888
43889
43898
43899
43912
43913
43915
43928
43931
43935
45020
45037
45038
45039
45040
45051
45070
45081
45094
45096
45097
45098
45151
45157
45158
45167
45169
45219
45220
45223
45232
45238
45265
45266
45281
45319
45320
45327
45328
45332
45350
45351
45373
45388
45390
45391
45397
45400
45404
45412
45439
45445
45446
45447
45452
45458
45461
45462
45506
45511
45537
45539
45541
45545
45551
45663
45685
45686
45707
45710
45711
45722
45723
45751
45768
45769
45775
45779
45783
45785
45796
45804
50084
50248
50260
50266
50290
50297
50302
50311
50313
50337
50345
50379
50382
50389
50398
50407
50409
50431
50437
50458
50464
50465
50471
50478
50509
50510
50515
50516
50517
50525
50526
50528
50539
50567
50617
50619
50620
50621
50628
50658
50659
50681
50682
50688
50708
50718
50720
50721
50763
50770
50774
50811
50831
50838
50852
50855
50870
50908
50969
51008
51058
60800
60801
60844
60846
60863
60888
60892
60894
60897
60900
60902
60911
60914
60915
60923
60931
60938
60942
60953
60972
60979
60983
60984
60990
60992
61004
61008
61028
61030
61034
61054
61055
61064
61067
61068
61069
61077
61122
61129
61140
61150
61153
61155
61163
61174
61179
61181
61188
61192
61214
61224
61225
61236
61273
61285
61302
61321
61325
61338
61350
61356
61377
61380
61381
61388
61394
61399
61400
61406
61408
61409
61417
61418
61420
61435
61439
61440
61448
61452
61483
61487
61490
61494
61496
61513
61519
61536
61544
61548
61552
61557
61562
61567
61574
61576
61581
61584
61585
61586
61587
61589
61591
61596
61600
61608
61616
61633
61635
61646
61655
61656
61662
61673
61676
61685
61693
61696
61709
61711
61712
61726
61732
61735
61739
61743
61745
61750
61759
61763
61766
61776
61796
61811
61814
61815
61836
61839
61870
61880
61899
61900
61902
61903
61925
61939
61940
61955
61971
61976
61979
61980
61994
61996
62016
62019
62057
62072
62107
62110
62123
62139
62168
62169
62178
62204
62209
62213
62217
62221
62222
62236
62243
62245
62262
62263
62266
62290
62292
62302
62304
62311
62315
62317
62330
62337
62340
62365
62374
62378
62382
62391
62396
62432
62446
62460
62472
62475
62494
62498
62501
62516
62525
62527
62541
62545
62549
62553
62556
62575
62582
62592
62602
62613
62618
62626
62634
62640
62646
62654
62655
62666
62686
62689
62698
62710
62715
62723
62730
62732
62745
62755
62766
62797
62805
62819
62823
62826
62844
62895
62897
62919
62921
62948
62954
62955
62956
62961
62965
62972
62977
62979
62990
62995
63000
63005
63018
63026
63029
63030
63057
63058
63059
63062
63075
63079
63080
63081
63083
63099
63122
63123
63135
63138
63139
63144
63165
63169
63172
63178
63185
63186
63197
63220
63224
63232
63240
63268
63272
63281
63288
63290
63312
63332
63337
63338
63374
63383
63388
63395
63402
63405
63412
63417
63422
63424
63446
63447
63448
63454
63456
63467
63476
63477
63490
63491
63495
63501
63511
63516
63520
63525
63527
63531
63538
63541
63543
63546
63551
63562
63590
63593
63595
63596
63600
63605
63621
63639
63640
63643
63645
63650
63651
63667
63669
63671
63687
63690
63698
63700
63708
63718
63721
63723
63724
63725
63734
63736
63737
63739
63752
63759
63763
63781
63789
63790
63798
63799
63800
63814
63847
63863
63866
63874
63876
63892
63901
63904
63907
63914
63919
63922
63927
63930
63936
63938
63952
63954
63969
63971
63979
63986
63987
63997
64004
64014
64020
64021
64028
64030
64036
64041
64055
64061
64063
64072
64077
64082
64085
64088
64091
64101
64102
64107
64111
64121
64134
64135
64156
64162
64163
64165
64166
64175
64193
64194
64196
64199
64203
64218
64223
64228
64229
64231
64254
64260
64275
64278
64302
64304
64306
64325
64327
64334
64336
64344
64346
64355
64356
64389
64408
64410
64433
64480
64488
64492
64511
64515
64517
64523
64536
64545
64547
64549
64550
64551
64552
64568
64577
64578
64584
64590
64595
64605
64608
64618
64620
64623
64624
64625
64626
64628
64629
64630
64636
64637
64641
64645
64653
64655
64661
64668
64673
64676
64683
64686
64690
64692
64695
64699
64717
64730
64745
64766
64768
64775
64784
64790
64791
64794
64796
64803
64810
64821
64835
64844
64848
64850
64851
64853
64857
64869
64879
64891
64894
64901
64907
64910
64915
64917
64925
64929
64934
64935
64941
64942
64945
64979
64993
64997
65003
65006
65009
65011
65015
65016
65018
65021
65026
65030
65036
65050
65054
65075
65084
65089
65090
65092
65095
65106
65108
65109
65130
65136
65162
65176
65180
65189
65198
65214
65218
65220
65225
65226
65228
65229
65230
65235
65238
65241
65244
65247
65248
65254
65261
65270
65274
65275
65280
65286
65290
65294
65298
65308
65312
65324
65342
65343
65344
65345
65365
65366
65374
65376
65378
65379
65380
65393
65399
65404
65406
65413
65417
65418
65421
65430
65441
65444
65450
65459
65460
65461
65464
65467
65482
65483
65491
65500
65510
65515
65532
65540
65548
65552
65554
65556
65587
65590
65596
65605
65607
65609
65610
65613
65614
65615
65630
65632
65640
65643
65656
65662
65671
65675
65676
65688
65689
65691
65692
65697
65702
65703
65710
65713
65717
65718
65729
65732
65736
65737
65739
65744
65750
65752
65753
65759
65765
65772
65787
65796
65800
65808
65812
65815
65831
65838
65840
65850
65863
65867
65872
65873
65883
65884
65886
65893
65896
65899
65904
65905
65918
65921
65924
65930
65934
65937
65944
65955
65958
65967
65971
65986
65991
65996
65998
66000
66016
66018
66023
66029
66032
66042
66059
66060
66065
66072
66085
66098
66100
66116
66148
66149
66155
66158
66161
66175
66200
66201
66210
66228
66235
66246
66261
66268
66274
66277
66281
66285
66286
66287
66288
66290
66296
66301
66313
66318
66319
66321
66326
66336
66354
66355
66360
66366
66368
66371
66374
66376
66379
66385
66393
66394
66401
66405
66429
66431
66446
66448
66453
66457
66481
66495
66496
66504
66544
66552
66558
66560
66561
66568
66579
66583
66586
66588
66589
66591
66592
66597
66599
66602
66606
66610
66624
66629
66630
66632
66633
66647
66654
66665
66681
66683
66686
66697
66708
66727
66731
66871
66927
66929
100075
100080
100091
100095
100103
100135
100165
100243
100245
100338
100363
100401
100418
100424
100465
100477
100572
100581
100590
100609
100644
100699
100712
100718
100760
100781
100873
100953
101020
101088
101202
101204
101276
101292
101310
101317
101352
101361
101475
101718
101973
102089
102341
102345
102412
102422
102450
102523
102696
102704
102983
103342
103487
104092
104432
104598
104831
104833
104904
105089
105104
105222
105239
105248
105251
105276
105301
105306
105311
105323
105325
105333
105334
105346
105364
105365
105382
105393
105394
105400
105413
105426
105429
105435
105438
105448
105460
105464
105475
105476
105478
105483
105494
105517
105538
105560
105572
105574
105576
105579
105581
105587
105590
105595
105609
105611
105616
105630
105632
105634
105646
105651
105659
105661
105668
105670
105673
105677
105689
105691
105695
105709
105711
105712
105719
105728
105730
105731
105734
105740
105755
105775
105786
105797
105811
105823
105825
105826
105830
105833
105853
105861
105872
105873
105884
105892
105911
105918
105920
105936
105950
105982
105996
105997
105999
106002
106003
106008
106016
106024
106025
106027
106032
106041
106045
106048
106062
106070
106071
106083
106086
106098
106100
106107
106112
106123
106126
106141
106156
106169
106173
106179
106181
106203
106210
106218
106225
106227
106233
106254
106261
106265
106277
106304
106336
106351
106353
106356
106359
106363
106370
106373
106404
106418
106422
106454
106457
106464
106465
106475
106480
106486
106502
106503
106505
106510
106513
106517
106518
106527
106528
106551
106561
106569
106573
106574
106589
106593
106603
106609
106610
106616
106621
106627
106629
106647
106657
106660
106676
106680
106686
106687
106689
106690
106701
106709
106719
106720
106722
106737
106789
106792
106803
106808
106815
106837
106846
106853
106861
106877
106878
106893
106897
106915
106956
106957
106965
106966
106989
106995
106996
106998
107001
107005
107026
107027
107032
107038
107048
107098
107107
107116
107130
107134
107144
107148
107150
107154
107162
107188
107194
107197
107213
107217
107226
107236
107245
107247
107250
107258
107260
107272
107292
107298
107320
107325
107326
107327
107332
107333
107340
107347
107350
107362
107384
107393
107399
107423
107434
107435
107439
107440
107446
107447
107449
107452
107465
107476
107480
107487
107503
107526
107551
107557
107559
107561
107565
107580
107590
107591
107592
107610
107611
107613
107616
107622
107629
107637
107639
107643
107644
107648
107651
107678
107682
107692
107693
107700
107710
107712
107742
107751
107755
107757
107758
107760
107769
107781
107817
107825
107828
107843
107853
107860
107885
107894
107898
107907
107917
107920
107925
107965
108015
108042
108068
108070
108071
108082
108091
108107
108108
108110
108113
108139
108142
108145
108160
108163
108172
108173
108185
108209
108218
108233
108235
108250
108265
108291
108297
108307
108319
108326
108331
108332
108344
108345
108348
108349
108363
108364
108365
108373
108386
108391
108403
108425
108449
108456
108482
108507
108510
108516
108529
108532
108533
108548
108550
108557
108559
108585
108592
108595
108603
108611
108630
108645
108648
108664
108665
108682
108684
108688
108691
108693
108712
108722
108728
108740
108744
108755
108756
108768
108769
108778
108794
108797
108804
108812
108815
108818
108821
108830
108831
108834
108836
108841
108847
108852
108853
108870
108880
108891
108893
108908
108939
108979
109079
109084
109143
109161
109179
109183
109186
109187
109198
109258
109599
109600
109621
109659
109682
109683
109699
109826
109919
109923
109926
109930
109981
110039
110065
110103
110164
110166
110179
110243
110250
110359
110382
110387
110519
110529
110533
110566
110588
110620
110685
110687
110728
110732
110760
110802
110804
110808
110940
110979
110999
111000
111003
111022
111064
111103
111179
111282
111402
111459
111486
111491
111527
111532
111534
111535
111537
111629
111631
111640
111662
111675
111721
111739
111779
111819
111864
111872
111873
111880
111940
111941
111959
111961
111965
111974
111976
112005
112030
112034
112095
112101
112111
112112
112116
112158
112159
112167
112168
112191
112211
112254
112295
112362
112366
112408
112410
112542
112572
112617
112624
112626
112652
112674
112721
112754
112759
112774
112819
112820
112876
112881
112894
112968
113090
113093
113140
113178
113269
113339
113362
113371
113419
113421
113490
113530
113897
113978
114037
114057
114180
114200
114203
114209
114211
114370
114415
114484
114524
114608
114612
114698
114745
114789
114832
114880
114881
114927
114956
115044
115072
115077
115082
115121
115165
115243
115313
115318
115336
115404
115411
115416
115418
115499
115516
115556
115567
115598
115687
115751
115757
115766
115813
115831
115876
115920
115945
115960
116025
116029
116104
116164
116166
116209
116304
116324
116414
116504
116595
116610
116614
116668
116675
116679
116772
116787
116791
116829
116894
116895
116903
116925
116943
117002
117018
117020
117026
117027
117034
117036
117114
117116
117141
117145
117161
117260
117320
117762
117768
117781
117829
117844
117845
117861
117868
117901
117902
117981
118042
118046
118081
118121
118122
118126
118181
118182
118183
118223
118261
118264
118267
118281
118441
118502
118521
118525
118574
118577
118795
118833
118941
119013
119014
119133
119154
119173
119215
119275
119297
119314
119316
119394
119414
119436
119474
119476
119493
119513
119574
119594
119615
119617
119714
119756
120038
120048
120093
120134
120193
120214
120276
120297
120301
120318
120334
120358
120359
120413
120444
120456
120458
120654
120656
120774
120794
120824
120860
120877
121073
121077
121096
121142
121154
121196
121198
121257
121316
121375
121376
121381
121382
121440
121478
121633
121661
121662
121673
121713
121717
121718
121759
121773
121793
121815
121816
121817
121819
121844
121853
121934
121974
122015
122017
122034
122061
122078
122154
122172
122175
122194
122197
122200
122202
122211
122212
122219
122229
122257
122263
122266
122273
122380
122394
122438
122515
122519
122536
122537
122674
122775
122777
122841
122874
122902
122915
122916
122917
122954
123016
123056
123415
123434
123435
123455
123456
123720
123834
123955
123998
124036
124038
124046
124050
124196
124198
124199
124254
124355
124358
124374
124394
124395
124434
124597
124599
124617
124634
124755
124775
125000
125014
125074
125094
125114
125176
125194
125234
125237
125238
125239
125240
125274
125276
125360
125375
125376
125378
125514
125531
125580
125595
125600
125601
125604
125794
125863
125975
125996
126010
126020
126030
126036
126056
126122
126136
126296
126314
126318
126417
126423
126434
126455
126456
126462
126474
126496
126554
126555
126596
126600
126634
126678
126714
126718
126721
126759
126772
126775
126798
126977
127034
127077
127094
127114
127134
127179
127282
127377
127380
127383
127437
127475
127481
127514
127614
127616
127644
127675
127774
127797
128021
128039
128078
128098
128121
128581
128663
128765
128978
129439
129441
129466
129469
129472
129823
129840
130041
130199
130200
130338
130402
130498
130525
130598
130618
130638
130762
132358
132482
132499
132518
132525
132539
132602
132644
132738
132740
132799
132802
132981
133048
133104
133166
133169
133246
133247
133288
133289
133304
133346
133364
133366
133367
133432
133468
133471
133504
133525
133547
133564
133726
133727
133764
133766
133767
133825
133844
133868
133869
133871
133885
133905
133944
133947
133949
134026
134044
134305
134384
134450
134464
134504
134932
135044
135145
135391
135410
135425
135484
135527
135788
135844
135911
135964
135965
135987
135990
136186
136265
136266
136287
136306
136648
136684
136725
136804
136828
136844
136884
137024
137066
137068
137069
137090
137110
137131
137135
137136
137230
137232
137310
137330
137351
137356
137370
137371
137373
137377
137432
137433
137434
137435
137441
137573
137602
137609
137611
137612
137642
137702
137704
137720
137722
137840
137861
137865
137874
137884
137943
137944
138020
138122
138126
138205
138341
138342
138462
138467
138483
138501
138521
138541
138601
138608
138613
138707
138743
138747
138781
138841
138861
138922
138961
139025
139133
139201
139225
139227
139662
139665
139705
139721
139746
139804
139985
139986
140023
140030
140042
140044
140045
140046
140073
140081
140166
140167
140169
140170
140172
140181
140182
140185
140187
140191
140194
140202
140203
140205
140207
140221
140222
140226
140227
140229
140233
140243
140363
140364
140366
140367
140370
140372
140386
140387
140391
140394
140529
140541
140565
140568
140614
140615
140621
140631
140669
140672
140674
140720
140756
140759
140760
140821
140902
140905
140910
140938
140959
140979
140982
140983
140988
141001
141006
141009
141099
141119
141137
141158
141178
141197
141199
141236
141239
141257
141277
141278
141306
141308
141309
141310
141337
141359
141363
141376
141384
141389
141441
141459
141460
141462
141469
141496
141498
141536
141537
141562
141638
141639
141662
141663
141667
141680
141720
141781
141810
141846
141881
141887
141913
141964
142088
142090
142129
142150
142212
142229
142230
142248
142251
142260
142275
142316
142337
142339
142381
142391
142419
142443
142460
142462
142499
142501
142539
142540
142546
142568
142603
142604
142606
142646
142698
142748
142792
142811
142812
142814
142873
142885
142932
142933
142953
142956
143033
143055
143112
143153
143217
143240
143282
143283
143297
143299
143357
143403
143421
143526
143584
143588
143609
143627
143640
143689
143710
143712
143748
143770
143788
143827
143831
143870
143909
143910
143912
143974
143979
143996
144009
144030
144032
144058
144066
144084
144096
144097
144101
144103
144115
144122
144139
144183
144257
144382
144383
144396
144435
144436
144437
144475
144476
144519
144520
144535
144559
144565
144567
144580
144640
144646
144647
144651
144727
144822
144848
144887
144998
145000
145022
145024
145026
145027
145041
145042
145043
145046
145049
145061
145080
145106
145108
145186
145191
145206
145232
145268
145269
145270
145273
145308
145347
145348
145350
145351
145407
145409
145472
145552
145577
145578
145636
145701
145722
145812
145913
145973
145977
145979
146017
146020
146091
146111
146114
146117
146119
146137
146139
146140
146156
146171
146206
146212
146352
146411
146500
146543
146546
146567
146581
146604
146607
146616
146648
146659
146669
146670
146734
146738
146774
146775
146840
147086
147175
147183
147204
147208
147222
147223
147242
147249
147288
147303
147305
147307
147312
147329
147340
147349
147352
147369
147373
147393
147398
147412
147413
147501
147502
147504
147505
147565
147571
147579
147600
147638
147639
147657
147661
147690
147708
147750
147791
147792
147849
147868
147891
147898
147988
148130
148151
148169
148170
148194
148217
148219
148223
148239
148249
148256
148257
148276
148284
148313
148328
148349
148350
148356
148390
148391
148394
148396
148409
148410
148414
148455
148469
148470
148473
148530
148531
148533
148552
148631
148669
148750
148770
148771
148772
148851
148876
148892
148910
148932
148950
148998
149065
149070
149076
149082
149099
149102
149177
149262
149268
149318
149337
149360
149361
149379
149437
149458
149459
149477
149521
149538
149557
149560
149563
149603
149618
149620
149662
149683
149700
149721
149722
149738
149762
149819
149906
149998
150057
150139
150159
150179
150200
150201
150221
150249
150257
150258
150277
150278
150279
150306
150399
150459
150477
150481
150562
150681
150699
150730
150761
150764
150803
150837
150838
150922
150937
151063
151118
151161
151237
151365
151383
151403
151423
151544
151593
151606
151607
151630
151632
151708
151832
151891
151928
151930
151933
151951
151955
151971
152008
152011
152012
152049
152109
152134
152149
152249
152289
152290
152388
152628
152649
152692
152752
152809
152828
152848
152869
152888
152973
152990
153028
153128
153129
153130
153191
153251
153311
153616
153630
153668
153728
153748
153793
153813
153815
153876
153895
153957
154037
154039
154056
154093
154135
154154
154235
154293
154314
154353
154357
154358
154360
154414
154434
154499
154511
154595
154605
154653
154677
154708
154709
154714
154739
154755
154757
154758
154760
154773
154774
154817
154984
155099
155174
155224
155225
155277
155280
155299
155300
155313
155387
155393
155394
155437
155458
155462
155515
155519
155584
155613
155616
155738
155754
155757
155770
155894
155913
155934
155941
155969
155970
156013
156014
156016
156093
156153
156155
156156
156157
156176
156214
156383
156384
156387
156416
156417
156418
156421
156578
156602
156613
156614
156617
156633
156653
156654
156655
156656
156676
156816
156818
156819
156820
156822
156857
156861
156933
156953
156973
157055
157057
157058
157074
157076
157080
157153
157218
157234
157235
157293
157307
157353
157354
157373
157413
157415
157452
157476
157481
157493
157498
157636
157655
157679
157739
157755
157793
157855
157862
157865
157875
157895
157921
157954
157955
158007
158053
158055
158066
158133
158313
158334
158354
158414
158436
158437
158563
158587
158715
158737
158741
158742
158743
158764
158765
158779
158791
159194
160164
160173
160181
160183
160190
160194
160196
160204
160207
160211
160213
160214
160216
160225
160228
160233
160255
160256
160272
160281
160282
160291
160293
160295
160312
160317
160327
160329
160331
160340
160341
160362
160367
160373
160375
160376
160378
160381
160391
160416
160417
160423
160424
160448
160453
160471
160474
160479
160488
160503
160505
160541
160546
160549
160555
160562
160570
160571
160578
160582
160592
160598
160600
160621
160628
160629
160631
160635
160644
160646
160661
160667
160668
160673
160681
160684
160703
160706
160719
160738
160739
160742
160753
160766
160767
160770
160774
160775
160776
160778
160779
160780
160781
160785
160788
160797
160798
160809
160816
160838
160839
160849
160855
160856
160862
160864
160865
160872
160874
160888
160891
160892
160893
160894
160902
160906
160912
160913
160917
160938
160961
160989
160990
160991
160997
161000
161005
161013
161014
161023
161036
161040
161048
161055
161069
161071
161072
161087
161088
161107
161119
161120
161789
161793
161798
161801
161806
161813
161814
161834
161840
161843
161844
161852
161853
161858
161860
161897
161902
161903
161911
161924
161925
161940
161942
161952
161953
161966
161977
161996
161997
162018
162028
162031
162056
162060
162076
162085
162127
162129
162146
162148
162160
162205
162219
162220
162222
162233
162240
162254
162264
162272
162273
162292
162293
162307
162329
162335
162338
162346
162349
162354
162376
162385
162386
162387
162400
162401
162404
162408
162425
162448
162449
162453
162457
162459
162488
162489
162491
162497
162501
162506
162514
162517
162548
162554
162555
162557
162559
162560
162561
162564
162567
162584
162585
162643
162649
162699
162701
162717
162720
162732
162733
162735
162736
162742
162757
162759
162765
162768
162770
162796
162809
162814
162825
162850
162857
162870
162876
162887
162889
162891
162892
162893
162894
162906
162907
162909
162914
162925
162928
162934
162940
162941
162956
162957
162958
162973
162976
162978
162988
163018
163036
163041
163051
163058
163060
163069
163112
163113
163118
163124
163131
163574
163586
163594
163595
163596
163598
163610
163618
163626
163627
163629
163633
163640
163667
163668
163669
163673
163678
163680
163681
163685
163692
163697
163708
163712
163743
163746
163765
163768
163769
163772
163774
163787
163797
163799
163802
163806
163822
163840
163850
163863
163867
163870
163871
163872
163877
163878
163879
163884
163887
163889
163891
163893
163904
163916
163920
163921
163924
163926
163927
163930
163931
163935
163937
163939
163946
163947
163948
163949
163951
163963
163965
163968
163983
163984
163985
163987
163991
164004
164024
164025
164046
164059
164065
164086
164094
164099
164109
164116
164132
164146
164155
164169
164182
164190
164200
164211
164218
164247
164255
164258
164262
164266
164271
164275
164276
164283
164284
164290
164293
164296
164298
164300
164312
164313
164320
164341
164342
164351
164363
164364
164365
164368
164369
164391
164395
164399
164401
164404
164408
164411
164416
164422
164432
164443
164471
164494
164506
164510
164511
164532
164534
164538
164557
164563
164572
164582
164585
164606
164607
164609
164612
164616
164624
164630
164631
164633
164641
164647
164652
164660
164664
164680
164694
164699
164702
164708
164720
164724
164742
164746
164749
164755
164756
164934
165051
165052
165053
165060
165075
165113
165121
165123
165124
165134
165141
165161
165164
165179
165204
165209
165215
165230
165256
165262
165264
165266
165267
165270
165283
165284
165286
165308
165355
165358
165407
165442
165451
165454
165463
165465
165466
165468
165486
165489
165496
165510
165513
165523
165534
165535
165540
165550
165551
165554
165555
165556
165557
165561
165563
165595
165609
165630
165637
165638
165640
165642
165648
165649
165652
165653
165672
165675
165676
165678
165691
165699
165702
165710
165714
165728
165743
165745
165746
165750
165768
165773
165785
165786
165788
165795
165798
165814
165827
165829
165845
165846
165854
165856
165867
165868
165876
165880
165909
165910
165911
165913
165914
165923
165924
165927
165934
165943
165948
165968
165981
165993
166005
166052
166061
166087
166197
166213
166218
166220
166224
166226
166230
166232
166248
166253
166264
166265
166272
166286
166303
166363
166366
166368
166381
166385
166414
166428
166430
166433
166434
166435
166436
166443
166447
166451
166458
166460
166477
166482
166485
166491
166504
166520
166555
166556
166562
166563
166564
166568
166582
166583
166591
166593
166628
166639
166676
166680
166684
166705
166711
166723
166740
166743
166746
166747
166751
166756
166789
166792
166803
170295
170297
170305
170307
170311
170312
170335
170347
170353
170356
170359
170360
170373
170374
170375
170378
170384
170385
170387
170391
170396
170401
170403
170409
170418
170419
170420
170421
170422
170425
170430
170444
170450
170458
170472
170491
170495
170520
170527
170528
170529
170534
170535
170537
170555
170573
170592
170598
170615
170616
170617
170620
170626
170627
170639
170655
170658
170665
170677
170692
170707
170714
170716
170725
170728
170730
170746
170748
170750
170756
170758
170759
170761
170763
170765
170773
170775
170781
170784
170785
170787
170788
170791
170795
170797
170799
170801
170804
170814
170823
170827
170833
170834
170839
170841
170843
170853
170855
170868
170870
170875
170879
170883
170888
170889
170892
170893
170898
170904
170912
170920
170936
170941
170945
170947
170960
170961
170964
170965
170969
170972
170974
170975
170988
170992
170994
171001
171002
171007
171022
171023
171045
171049
171054
171057
171058
171059
171067
171074
171078
171082
171083
171097
171099
171105
171109
171111
171114
171137
171139
171141
171155
171161
171164
171174
171180
171187
171206
171212
171231
171235
171238
174016
174022
174025
174026
174048
174049
174053
174077
174091
174108
174115
174118
174119
174121
174124
174132
174133
174134
174135
174136
174147
174148
174152
174169
174185
174222
174236
174280
174282
174301
174302
174310
174312
174313
174314
174317
174325
174329
174355
174361
174368
174370
174376
174389
174390
174393
174394
174395
174401
174428
174432
174449
174470
174474
174483
174490
174531
174541
174567
174637
174647
174648
174656
174693
174697
174700
174703
174729
174737
174738
174744
174876
174995
175001
175004
175006
175007
175008
175012
175013
175055
175060
175064
175071
175078
175079
175083
175087
175098
175110
175111
175121
175127
175130
175131
175134
175151
175157
175163
175230
175233
175236
175263
175264
175269
175271
175290
175299
175304
175307
175308
175315
175319
175342
175347
175350
175361
175362
175372
175376
175378
175379
175380
175393
175404
175407
175410
175424
175442
175449
175457
175472
175473
175475
175483
175487
175488
175490
175493
175495
175496
175503
175507
175509
175510
175518
175523
175527
175531
175532
175533
175545
175548
175557
175560
175575
175590
175595
175606
175607
175612
175616
175646
175649
175654
175662
175674
175679
175686
175688
175689
175722
175739
175741
175798
175834
175836
175847
175886
175900
175904
175908
175913
175948
175955
175958
175964
175966
175978
175982
175994
176007
176017
176018
176021
176022
176035
176064
176068
176082
176083
176092
176096
176103
176105
176107
176118
176119
176133
176135
176152
176154
176161
176169
176180
176198
176199
176203
176229
176234
176237
176238
176239
176247
176249
176251
176255
176256
176259
176260
176261
176268
176275
176277
176278
176282
176291
176293
176304
176305
176308
176318
176319
176325
176327
176340
176343
176346
176350
176351
176358
176362
176363
176368
176369
176375
176378
176380
176404
176412
176470
176471
176475
176479
176481
176500
176503
176510
176523
176529
176554
176556
176567
176572
176578
176590
176591
176592
176593
176594
176595
176598
176602
176636
176637
176639
176641
176647
176649
176652
176653
176659
176660
176661
176670
176691
176692
176701
176703
176706
176725
176726
176733
176736
176750
176751
176752
176756
176760
176762
176764
176766
176768
176781
176782
176786
176802
176814
176828
176832
176840
176854
176858
176861
176867
176873
176874
176899
176914
176917
176928
176939
176957
176963
176968
176971
176973
176992
176993
176999
177009
177030
177031
177044
177058
177062
177067
177088
177099
177108
177109
177111
177112
177124
177127
177129
177179
177182
177190
177198
177216
177222
177225
177226
177227
177228
177242
177255
177256
177257
177264
177267
177281
177287
177288
177300
177303
177313
177314
177315
177318
177340
177367
177374
177376
177394
177397
177405
177425
177426
177427
177429
177439
177446
177452
177458
177470
177472
177479
177486
177487
177506
177528
177538
177545
177548
177549
177550
177551
177565
177601
177602
177618
177629
177633
177637
177640
177646
177677
177697
177701
177734
177739
177744
177764
177779
177780
177781
177782
177797
177798
177802
177812
177827
177856
177871
177872
177875
177879
177881
177882
177884
177887
177889
177895
177896
177900
177921
177924
177925
177926
177930
177942
177943
177945
177949
177953
177966
177969
177975
177978
177981
177982
177983
177992
177996
178003
178012
178015
178029
178037
178049
178073
178074
178081
178082
178083
178084
178085
178089
178093
178094
178095
178097
178106
178118
178141
178147
178148
178152
178153
178157
178172
178175
178186
178201
178207
178236
178244
178266
178290
178291
178298
178303
178304
178308
178310
178327
178348
178351
178353
178371
178377
178384
178387
178401
178403
178405
178413
178415
178453
178482
178493
178494
178507
178513
178518
178519
178525
178529
178538
178539
178540
178545
178552
178566
178578
178600
178608
178609
178610
178619
178626
178627
178644
178655
178657
178671
178672
178674
178675
178676
178684
178698
178703
178704
178719
178720
178726
178734
178735
178741
178748
178749
178750
178752
178765
178767
178774
178795
178796
178797
178798
178803
178806
178811
178814
178823
178834
178838
178846
178847
178851
178859
178862
178863
178865
178870
178874
178875
178876
178877
178882
178891
178904
178905
178906
178907
178921
178923
178939
178943
178946
178951
178972
178973
178974
178975
178976
178978
178982
178985
178995
178997
178999
179003
179022
179027
179029
179042
179048
179055
179058
179060
179077
179082
179084
179087
179088
179092
179094
179107
179110
179111
179124
179132
179134
179137
179141
179143
179147
179157
179158
179161
179163
179164
179175
179177
179182
179184
179186
179187
179199
179202
179208
179212
179216
179221
179229
179234
179236
179246
179247
179249
179288
179298
179299
179300
179303
179308
179325
179342
179347
179360
179361
179363
179372
179379
179380
179384
179386
179395
179398
179405
179410
179413
179417
179424
179428
179433
179437
179438
179441
179447
179454
179457
179461
179480
179486
179507
179517
179526
179534
179543
179551
179552
179555
179565
179566
179577
179583
179586
179594
179596
179597
179598
179605
179616
179621
179624
179652
179657
179666
179671
179686
179690
179694
179698
179700
179707
179731
179738
179739
179741
179748
179750
179765
179778
179782
179792
179817
179818
179819
179822
179823
179825
179831
179834
179840
179841
179843
179846
179864
179865
179869
179870
179886
179889
179894
179895
179903
179925
179929
179948
179949
179957
179964
179974
180007
180012
180016
180019
180029
180030
180051
180057
180081
180083
180109
180112
180118
180127
180145
180146
180157
180162
180167
180169
180183
180193
180194
180222
180228
180229
180249
180256
180267
180270
180272
180275
180296
180330
180338
180345
180353
180363
180367
180381
180387
180390
180392
180395
180401
180402
180405
180413
180423
180437
180445
180446
180449
180450
180464
180466
180468
180474
180475
180483
180506
180562
180568
180574
180586
180597
180599
180602
180632
180635
180646
180648
180652
180654
180657
180658
180659
180662
180665
180678
180681
180683
180690
180695
180698
180711
180734
180749
180759
180804
180812
180821
180822
180833
180866
180899
180905
180937
180940
180942
180948
180958
180984
181036
181070
181104
181105
181256
181269
181290
181309
181327
181359
181445
181515
181617
181618
181745
181775
181794
181800
181804
181820
181825
181837
181869
181900
181904
181931
181970
181989
182002
182012
182023
182104
182112
182116
182123
182169
182172
182209
182308
182309
182331
182366
182383
182387
182392
182395
182404
182422
182479
182491
182497
182501
182531
182539
182554
182597
182599
182610
182613
182621
182637
182638
182685
182690
182695
182700
182701
182703
182728
182758
182788
182810
182823
182826
182827
182897
182902
182915
182934
182950
182960
182967
182972
182977
182979
182984
182986
183002
183008
183022
183029
183031
183046
183085
183101
183104
183105
183108
183112
183139
183144
183148
183187
183221
183224
183226
183230
183231
183234
183235
183247
183253
183257
183261
183268
183269
183275
183283
183287
183296
183302
183307
183312
183316
183317
183322
183324
183328
183337
183345
183346
183357
183358
183364
183366
183377
183388
183394
183421
183446
183455
183457
183474
183480
183488
183517
183524
183526
183527
183528
183547
183553
183559
183565
183568
183570
183571
183580
183581
183582
183588
183590
183591
183593
183595
183602
183603
183606
183610
183612
183617
183636
183640
183660
183663
183666
183667
183669
183675
183683
183684
183700
183704
183727
183729
183731
183735
183736
183739
183748
183755
183758
183772
183780
183790
183791
183797
183799
183804
183806
183816
183822
183823
183825
183826
183830
183831
183833
183838
183850
183852
183855
183860
183864
183879
183882
183885
183887
183889
183896
183901
183902
183903
183920
183921
183932
183942
183945
183961
183962
183963
183964
183968
183974
183998
184006
184009
184012
184018
184035
184040
184045
184046
184049
184053
184057
184064
184068
184069
184070
184074
184075
184077
184079
184082
184086
184091
184095
184096
184101
184102
184109
184113
184114
184116
184117
184133
184149
184155
184157
184162
184167
184168
184170
184172
184178
184180
184182
184185
184186
184208
184225
184227
184232
184237
184240
184241
184246
184250
184254
184256
184258
184259
184262
184263
184265
184281
184287
184292
184302
184309
184312
184321
184323
184337
184339
184345
184352
184378
184382
184385
184386
184388
184392
184395
184413
184436
184442
184446
184449
184453
184459
184461
184464
184465
184466
184470
184487
184498
184500
184513
184514
184522
184526
184527
184536
184541
184542
184543
184545
184548
184551
184552
184569
184571
184576
184580
184582
184585
184592
184597
184600
184603
184604
184615
184619
184639
184651
184652
184657
184659
184660
184672
184673
184676
184680
184683
184684
184686
184688
184689
184699
184700
184702
184711
184712
184715
184717
184725
184727
184735
184742
184743
184744
184748
184761
184762
184763
184767
184779
184785
184789
184792
184797
184800
184807
184811
184815
184817
184825
184826
184830
184832
184866
184868
184876
184880
184884
184885
184899
184905
184946
184948
184954
184957
184961
184970
184978
184981
184990
184991
184994
184996
185003
185006
185009
185016
185018
185030
185051
185054
185058
185067
185068
185076
185083
185087
185103
185112
185113
185119
185121
185125
185127
185128
185137
185138
185163
185164
185165
185166
185168
185169
185177
185180
185181
185190
185191
185193
185194
185195
185200
185209
185210
185215
185227
185229
185230
185234
185243
185261
185263
185269
185276
185277
185281
185289
185291
185309
185312
185318
185319
185323
185325
185330
185334
185337
185339
185341
185344
185345
185347
185352
185353
185355
185359
185361
185362
185363
185369
185370
185372
185375
185380
185391
185392
185396
185413
185416
185419
185422
185423
185427
185428
185429
185448
185453
185476
185483
185489
185495
185503
185511
185517
185518
185519
185524
185525
185526
185527
185532
185542
185549
185550
185554
185558
185569
185571
185580
185584
185585
185587
185602
185618
185619
185621
185624
185641
185645
185646
185649
185654
185659
185661
185664
185671
185683
185685
185689
185690
185695
185699
185701
185703
185706
185716
185730
185732
185733
185758
185759
185769
185770
185773
185774
185783
185784
185790
185797
185807
185811
185813
185820
185821
185824
185826
185827
185833
185836
185837
185838
185845
185851
185853
185855
185857
185859
185868
185880
185881
185883
185884
185891
185894
185903
185908
185911
185912
185916
185921
185926
185928
185929
185930
185933
185938
185940
185943
185944
185945
185946
185948
185950
185951
185952
185954
185956
185960
185970
185979
185980
185993
186012
186013
186015
186019
186023
186030
186038
186041
186042
186045
186059
186061
186071
186078
186080
186084
186087
186091
186093
186096
186102
186103
186109
186110
186124
186126
186127
186129
186130
186135
186136
186138
186139
186153
186154
186155
186158
186159
186165
186166
186169
186171
186173
186180
186188
186192
186197
186200
186203
186206
186208
186212
186229
186230
186234
186235
186236
186240
186250
186269
186275
186276
186278
186279
186288
186289
186290
186296
186308
186310
186311
186317
186327
186335
186336
186342
186344
186345
186349
186350
186353
186354
186360
186362
186363
186370
186371
186374
186389
186390
186392
186410
186428
186431
186435
186437
186440
186443
186451
186473
186487
186493
186497
186498
186501
186517
186520
186525
186528
186531
186537
186545
186553
186558
186571
186590
186591
186607
186617
186635
186645
186652
186654
186663
186664
186670
186671
186675
186681
186683
186687
186695
186699
186714
186715
186717
186718
186721
186725
186726
186734
186743
186748
186772
186773
186778
186779
186783
186785
186793
186796
186823
186834
186836
186837
186838
186845
186846
186849
186855
186858
186870
186874
186875
186876
186884
186887
186890
186892
186893
186896
186898
186901
186902
186903
186904
186908
186953
186955
186956
186960
186961
186962
186970
186971
186974
186989
186990
186993
186994
186995
186996
186997
186998
187025
187038
187039
187040
187041
187045
187065
187066
187070
187073
187074
187084
187098
187100
187101
187104
187105
187107
187110
187112
187118
187122
187128
187129
187130
187132
187135
187141
187142
187148
187163
187164
187165
187166
187167
187169
187183
187200
187207
187215
187216
187221
187235
187236
187244
187248
187251
187252
187253
187255
187262
187264
187285
187287
187294
187316
187318
187321
187347
187348
187350
187352
187356
187357
187363
187364
187365
187366
187368
187375
187392
187401
187402
187406
187407
187410
187411
187412
187413
187418
187421
187422
187423
187434
187435
187436
187449
187450
187461
187462
187463
187473
187483
187489
187490
187491
187496
187517
187529
187540
187545
187547
187548
187549
187550
187551
187554
187557
187575
187576
187583
187589
187596
187597
187607
187625
187627
187631
187644
187648
187649
187650
187653
187659
187661
187662
187664
187665
187672
187677
187686
187687
187689
187690
187692
187696
187697
187698
187709
187711
187714
187720
187721
187722
187723
187726
187737
187739
187740
187742
187746
187749
187757
187759
187764
187765
187766
187769
187773
187774
187775
187777
187780
187784
187792
187794
187796
187810
187812
187814
187831
187833
187851
187855
187956
187958
187959
187961
187968
187969
187970
188155
188157
188255
188355
188357
188358
188659
188661
188663
188855
188856
189255
189360
189362
189363
189456
189457
189459
189462
189487
189490
189491
189516
189517
189521
189531
189557
189558
189562
189563
189567
189575
189579
189593
189594
189597
189598
189599
189609
189756
189757
189860
189955
190262
190355
190455
190558
190559
190560
190566
190567
190572
190573
190576
190577
190580
190585
190586
190590
190756
190856
190957
190959
190963
191055
191255
191956
192159
192255
192457
192458
192755
192856
193157
193159
193162
193855
194158
194255
194256
194355
194455
194560
194655
194755
194855
194859
194956
195056
195356
196055
196159
196160
196256
196258
196268
196269
196355
196457
196761
196766
196855
196856
197355
197559
197658
197756
197759
197956
198058
198255
198355
198555
198655
199055
199356
199456
199555
199755
199757
199765
199864
199867
200480
200512
200595
200856
200976
201140
201336
201395
201706
201792
201794
203480
203890
203944
204203
204440
204867
205182
205692
205809
205874
205876
205942
206059
206211
206243
206365
206454
206457
206468
206956
207014
207257
208057
208068
208079
208323
209341
209382
209410
209418
210032
210216
210418
211009
211559
211732
211819
212340
212639
212773
212782
212950
213288
213412
214526
215422
216019
217200
218399
220211
220474
220487
220546
220579
220940
220942
221261
221545
221612
221616
221636
221821
222111
222357
222519
222638
222648
223082
223098
223148
223547
223732
223911
224604
224796
231016
232135
232623
232840
233491
237269
237820
238157
238616
239356
240066
241159
241216
241335
241366
241388
241637
242977
243011
243145
243174
243588
244641
245207
245397
245918
246010
247371
247374
247881
247885
247961
248780
248819
249158
249507
251658
252614
252819
253355
253437
253501
253523
253527
253759
254096
254338
254381
254399
258664
258869
259073
259518
259954
260043
260298
260324
260329
260408
260583
260651
260737
260751
260774
260775
260778
260779
260838
260893
260996
261146
261215
263277
263562
264031
264193
264254
264265
264309
264385
264387
264391
264393
264395
264397
264414
264416
264418
264426
264430
264485
264509
264510
264586
264628
264694
264708
264713
264731
265008
265185
265188
266160
266163
266196
266214
266216
266257
266263
266299
266304
266305
266315
266319
267054
267059
268025
268208
269005
270151
270281
270509
270705
271217
271295
271342
271357
271607
271794
271841
271987
272506
272582
272699
272705
272838
272872
272883
272884
272961
273246
273358
273395
273505
273726
273902
274075
274165
274536
274728
274775
275264
275799
275823
275862
276731
277022
277186
277323
277338
277376
277487
277579
277584
277646
277812
277846
277847
277918
278120
278151
278153
278234
278239
278246
278308
278317
278400
278461
279170
279388
279398
279431
281420
282104
282189
282363
282553
282608
282715
282960
283006
283463
284041
284353
284359
284453
284699
284719
284745
285085
285135
285174
285229
285313
285333
285493
285556
285660
286017
286396
286433
287106
287111
287252
287296
287462
287562
287616
287882
288586
289153
289283
289534
289735
290341
290862
290977
291721
291758
291881
292043
292284
292414
293070
293754
293884
293919
294007
294524
294911
295786
295917
296318
296677
296697
296753
296810
296866
296885
296944
297094
297209
297288
297434
297443
297507
297510
298036
298079
298092
298434
298540
298636
300107
306398
308989
308992
311524
311798
312009
312066
312079
313311
313966
314866
314917
315318
315629
315639
315669
315887
316056
316461
316726
316747
317168
317260
317264
317427
317637
318005
318525
318728
318815
318970
319507
319917
319919
320061
320806
321429
321467
321764
322154
322576
322717
322985
323308
323476
324138
324261
324498
324684
324960
325211
325212
325576
325763
325778
325867
325899
325942
326502
326688
327451
327564
327675
327677
327832
328032
328080
328692
328795
328920
329141
329579
329732
330227
330826
330888
331125
331757
331856
332115
332179
332967
333070
334288
334298
335466
338703
338735
339950
339965
340388
343180
343592
345556
345606
345699
345764
345920
345980
346027
347007
347085
348615
348784
348892
349337
349530
349705
349972
349994
350681
350935
351038
351491
351590
352262
353444
353742
353945
355398
356128
356289
356687
